701
345
0
6
72
0
19
19

661
410
0
1
72
0
19
19

701
475
1
2
7
0
1
19

661
540
2
3
72
1
19
19

701
605
3
4
8
1
2
19

661
670
4
5
72
2
19
19

701
735
5
9
72
2
19
19



813
280
10
18
72
3
19
19

773
345
6
10
11
0
3
19

813
410
11
12
19
0
3
4

773
475
7
12
13
0
1
4

813
540
13
14
20
1
4
5

773
605
8
14
15
1
2
5

813
670
15
16
21
2
5
6

773
735
9
16
17
2
6
19

813
800
17
22
72
6
19
19



925
215
23
33
72
7
19
19

885
280
18
23
24
3
7
19

925
345
24
25
34
3
7
8

885
410
25
26
19
3
4
8

925
475
26
27
35
4
8
9

885
540
20
27
28
4
5
9

925
605
28
29
36
5
9
10

885
670
21
29
30
5
6
10

925
735
37
30
31
6
10
11

885
800
22
31
32
6
11
19

925
865
32
38
72
11
19
19



997
215
39
33
72
7
19
19

1037
280
49
39
40
7
12
19

997
345
41
40
34
12
7
8

1037
410
41
42
50
12
13
8

997
475
42
43
35
13
8
9

1037
540
43
44
51
13
14
9

997
605
44
45
36
14
9
10

1037
670
45
46
52
14
15
10

997
735
37
46
47
15
10
11

1037
800
47
48
53
15
11
19

997
865
48
38
72
11
19
19



0
0
0
0
0
0
0
0

0
0
0
0
0
0
0
0

0
0
0
0
0
0
0
0

0
0
0
0
0
0
0
0

0
0
0
0
0
0
0
0

0
0
0
0
0
0
0
0

0
0
0
0
0
0
0
0

0
0
0
0
0
0
0
0

0
0
0
0
0
0
0
0

0
0
0
0
0
0
0
0

0
0
0
0
0
0
0
0

0
0
0
0
0
0
0
0

0
0
0
0
0
0
0
0

0
0
0
0
0
0
0
0

0
0
0
0
0
0
0
0

0
0
0
0
0
0
0
0
